
strategic_region={
	id=120
	name="STRATEGICREGION_120"
	provinces={
		1352 1441 1523 1534 1564 1586 1621 1678 1683 1747 1752 1753 1770 1831 1836 1866 1867 1870 1875 3613 3708 3719 3750 3855 4449 4540 4569 4586 4664 4691 4740 4749 4757 4759 4760 4772 4807 4811 4814 4830 4839 4871 4880 6722 6752 7306 7449 7458 7536 7539 7607 7745 7771 7834 7840 7852 7862 7877 7892 9802 9880 9892 9910 10333 10340 10370 10391 10478 10516 10532 10569 10595 10606 10618 10666 10676 10685 10709 10717 10719 11667 11788 11971 12024 12346 12361 12418 12463 12513 12516 12566 12577 12586 12588 12597 12620 12646 12667 12685 12693 16144 16155 16160 16299 16300 16301 16302 16303 16304 16305 16306 16307 16308 16309 16310 16311 16312 16313 16314 16315 16316 16317 16318 16319 16320 16321 16322 16323 16324 16325 16326 16327 16328 16329 16330 16331 16332 16333 16334 16335 16336 16337 16338 16339 16340 16341 16342 16343 16344 16345 16346 16347 16348 16349 16350 16351 16352 16353 16354 16355 16356 16357 16358 17128 17129 17130 17131 17132 17133 17134 17135 17136 17137 17138 17139 17140 17141 17142 17143 17144 17145 17146 17147 17148 17149 17150 17151 17152 17153 17154 17155 17156 17157 17158 17159 17160 17161 17162 17163 17164 17165 17166 17167 17168 17169 17170 17171 17172 17173 17174 17175 17176 17177 17178 17179 17180 17181 17305 17306 17307 17308 17309 17310 17311 17312 17313 17314 17315 17316 17317 17318 17319 17320 17321 17322 17323 17324 17325 17326 17327 17328 17329 17330 17331 17332 17333 17334 17335 17336 17337 17338 17339 17340 17341 17342 17343 17344 17345 17346 17347 17348 17349 17350 17351 17352 17353 17354 17355 17356 17357 17358 17359 17360 17361 17362 17363 17364 17365 17366 17367 17368 17369 17370 17371 17372 17373 17374 17375 17376 17377 17378 17379 17380 17381 17382 17383 17384 17385 17386 17387 17388 17389 17390 17391 17392 17393 17394 17395 17396 17397 17398 17399 17400 17401 17402 17403 17404 17405 17406 17407 17408 17409 17410 17411 17412 17413 17414 17415 17416 17417 17418 17419 17420 17421 17422 17423 17424 17425 17426 17427 17428 17429 17430 17431 17432 17433 17434 17435 17436 17437 17438 17439 17440 17441 17442 17443 17444 17445 17446 17447 17448 17449 17450 17451 17452 17453 17454 17455 17456 17457 17458 17459 17460 17461 17462 17463 17464 17465 17466 17467 17468 17469 17470 17471 17472 17473 17474 17475 17476 17477 17478 17479 17480 17481 17482 17483 17484 17485 17486 17487 17488 17489 17490 17491 17492 17493 17494 17495 17496 17497 17498 17499 17500 17501 17502 17503 17504 17505 17506 17507 17508 17509 17510 17511 17512 17513 17514 17515 17516 17517 17518 17519 17520 17521 17522 17523 17524 17525 17526 17527 17528 17529 17530 17531 17532 17533 17534 17535 17536 17537 17538 17539 17540 17541 17542 17543 17544 17545 17546 17547 17548 17549 17550 17551 17552 17553 17554 17555 17556 17557 17558 17559 17560 17561 17562 17563 17564 17565 17566 17567 17568 17569 17570 17571 17572 17573 17574 17575 17576 17577 17578 17579 17580 17581 17582 17583 17584 17585 17586 17587 17588 17589 17590 17591 17592 17593 17594 17595 17596 17597 17598 17599 17600 17601 17602 17603 17604 17605 17606 17607 17608 17609 17610 17611 17612 17613 17614 17615 17616 17617 17618 17619 17620 17621 17622 17623 17624 17625 17626 17627 17628 17629 17630 17631 17632 17633 17634 17635 
	}
	weather={
		period={
			between={ 0.0 30.0 }
			temperature={ -20.0 5.0 }
			no_phenomenon=0.800
			rain_light=0.100
			rain_heavy=0.000
			snow=0.350
			blizzard=0.050
			arctic_water=0.000
			mud=1.000
			sandstorm=0.000
			min_snow_level=0.100
		}
		period={
			between={ 0.1 27.1 }
			temperature={ -19.0 9.0 }
			no_phenomenon=0.800
			rain_light=0.100
			rain_heavy=0.000
			snow=0.350
			blizzard=0.050
			arctic_water=0.000
			mud=1.000
			sandstorm=0.000
			min_snow_level=0.100
		}
		period={
			between={ 0.2 30.2 }
			temperature={ -12.0 14.0 }
			no_phenomenon=0.700
			rain_light=0.100
			rain_heavy=0.100
			snow=0.100
			blizzard=0.050
			arctic_water=0.000
			mud=1.000
			sandstorm=0.000
			min_snow_level=0.000
		}
		period={
			between={ 0.3 29.3 }
			temperature={ 1.0 19.0 }
			no_phenomenon=0.600
			rain_light=0.200
			rain_heavy=0.100
			snow=0.000
			blizzard=0.000
			arctic_water=0.000
			mud=1.000
			sandstorm=0.000
			min_snow_level=0.000
		}
		period={
			between={ 0.4 30.4 }
			temperature={ 7.0 27.0 }
			no_phenomenon=0.600
			rain_light=0.200
			rain_heavy=0.100
			snow=0.000
			blizzard=0.000
			arctic_water=0.000
			mud=1.000
			sandstorm=0.000
			min_snow_level=0.000
		}
		period={
			between={ 0.5 29.5 }
			temperature={ 12.0 31.0 }
			no_phenomenon=0.600
			rain_light=0.150
			rain_heavy=0.250
			snow=0.000
			blizzard=0.000
			arctic_water=0.000
			mud=1.000
			sandstorm=0.000
			min_snow_level=0.000
		}
		period={
			between={ 0.6 30.6 }
			temperature={ 16.0 35.0 }
			no_phenomenon=0.600
			rain_light=0.200
			rain_heavy=0.200
			snow=0.000
			blizzard=0.000
			arctic_water=0.000
			mud=1.000
			sandstorm=0.000
			min_snow_level=0.000
		}
		period={
			between={ 0.7 30.7 }
			temperature={ 15.0 33.0 }
			no_phenomenon=0.700
			rain_light=0.200
			rain_heavy=0.100
			snow=0.000
			blizzard=0.000
			arctic_water=0.000
			mud=1.000
			sandstorm=0.000
			min_snow_level=0.000
		}
		period={
			between={ 0.8 29.8 }
			temperature={ 10.0 28.0 }
			no_phenomenon=0.700
			rain_light=0.200
			rain_heavy=0.100
			snow=0.000
			blizzard=0.000
			arctic_water=0.000
			mud=1.000
			sandstorm=0.000
			min_snow_level=0.000
		}
		period={
			between={ 0.9 30.9 }
			temperature={ 4.0 22.0 }
			no_phenomenon=0.700
			rain_light=0.250
			rain_heavy=0.100
			snow=0.050
			blizzard=0.000
			arctic_water=0.000
			mud=1.000
			sandstorm=0.000
			min_snow_level=0.000
		}
		period={
			between={ 0.10 29.10 }
			temperature={ -6.0 12.0 }
			no_phenomenon=0.700
			rain_light=0.100
			rain_heavy=0.100
			snow=0.100
			blizzard=0.050
			arctic_water=0.000
			mud=1.000
			sandstorm=0.000
			min_snow_level=0.000
		}
		period={
			between={ 0.11 30.11 }
			temperature={ -13.0 6.0 }
			no_phenomenon=0.700
			rain_light=0.100
			rain_heavy=0.000
			snow=0.300
			blizzard=0.100
			arctic_water=0.000
			mud=1.000
			sandstorm=0.000
			min_snow_level=0.000
		}
	}
}
