
strategic_region={
	id=198
	name="STRATEGICREGION_198"
	provinces={
		659 689 691 695 703 709 720 751 827 831 870 882 926 954 971 1527 1560 1595 1604 1655 1719 1734 1760 1849 1881 3685 3699 3766 3829 3853 3872 4029 4166 4437 4508 4527 4531 4590 4601 4738 4834 4854 5205 6710 6713 6737 6767 6769 6782 6827 6855 6874 6890 7420 7551 7611 7626 7776 7829 7831 7896 9450 9653 9654 9657 9678 9682 9684 9724 9746 9747 9760 9796 9810 9825 10233 10303 10339 10341 10393 10448 10457 10461 10526 10599 11589 11621 11635 11637 11641 11656 11669 11685 11714 11731 11760 11776 11791 11890 12305 12312 12357 12365 12368 12437 12456 12497 12550 12697 13154 13155 13199 13200 13201 16087 16088 16089 16090 16091 16092 16093 16094 16095 16096 16097 16098 16099 16100 16101 16102 16103 16104 16105 16106 16107 16108 16109 16110 16114 16116 16120 16121 16122 16126 16127 16129 16131 16133 16134 16135 16136 16139 16145 16146 16147 16148 16150 16151 16153 16161 16162 16163 16513 16514 16515 16516 16517 16518 16522 16523 16536 16537 16547 16556 16557 16558 16562 16571 16572 16576 16586 16591 16595 16602 16603 16604 16607 16608 16611 16612 16624 16626 16627 16630 16633 16641 16652 16653 16657 16663 16667 16668 16673 16678 16682 16683 16690 16693 16703 16704 16716 16719 16723 16727 16729 16742 16743 16747 16748 16750 16751 16752 16753 16754 16755 16756 16757 16758 16759 16760 16761 16762 16763 16764 16765 16766 16768 16769 16770 16771 16775 16776 16780 16781 16783 16784 16785 16786 16788 16789 16790 16791 16792 16793 16796 16798 16799 16801 16803 16804 16806 16807 16810 16812 16818 16819 16820 16821 16822 16824 16825 16827 16829 16830 16831 16832 16833 16836 16837 16838 16841 16842 16843 16844 16845 16846 16847 16848 16849 16850 16852 16853 16855 16856 16857 16858 16859 16861 16863 16864 16868 16869 16870 16872 16873 16874 16875 16876 16877 16878 16879 16880 16881 16882 16883 16884 16885 16886 16887 16888 16889 16890 16891 16892 16893 16894 16895 16896 16897 16898 16899 16900 16901 16902 16903 16904 16905 16906 16907 16908 16909 16910 16911 16912 16913 16914 16915 16916 16917 16918 16919 16920 16921 16922 16923 16924 16925 16926 16927 16928 16929 16930 16931 16932 16933 16934 16935 16936 16937 16938 16939 16940 16941 16942 16943 16944 16945 16946 16947 16948 16949 16950 16951 16952 16953 16954 16955 16956 16957 16958 16959 16960 16961 16962 16963 16964 16965 16966 16967 
	}
	weather={
		period={
			between={ 0.0 30.0 }
			temperature={ -15.0 7.0 }
			no_phenomenon=0.700
			rain_light=0.200
			rain_heavy=0.000
			snow=0.100
			blizzard=0.000
			arctic_water=0.000
			mud=1.000
			sandstorm=0.000
			min_snow_level=0.000
		}
		period={
			between={ 0.1 27.1 }
			temperature={ -14.0 8.0 }
			no_phenomenon=0.700
			rain_light=0.200
			rain_heavy=0.000
			snow=0.100
			blizzard=0.000
			arctic_water=0.000
			mud=1.000
			sandstorm=0.000
			min_snow_level=0.000
		}
		period={
			between={ 0.2 30.2 }
			temperature={ -10.0 15.0 }
			no_phenomenon=0.700
			rain_light=0.100
			rain_heavy=0.100
			snow=0.100
			blizzard=0.000
			arctic_water=0.000
			mud=1.000
			sandstorm=0.000
			min_snow_level=0.000
		}
		period={
			between={ 0.3 29.3 }
			temperature={ 1.0 18.0 }
			no_phenomenon=0.600
			rain_light=0.200
			rain_heavy=0.200
			snow=0.000
			blizzard=0.000
			arctic_water=0.000
			mud=1.000
			sandstorm=0.000
			min_snow_level=0.000
		}
		period={
			between={ 0.4 30.4 }
			temperature={ 7.0 24.0 }
			no_phenomenon=0.600
			rain_light=0.200
			rain_heavy=0.200
			snow=0.000
			blizzard=0.000
			arctic_water=0.000
			mud=1.000
			sandstorm=0.000
			min_snow_level=0.000
		}
		period={
			between={ 0.5 29.5 }
			temperature={ 12.0 30.0 }
			no_phenomenon=0.600
			rain_light=0.150
			rain_heavy=0.250
			snow=0.000
			blizzard=0.000
			arctic_water=0.000
			mud=1.000
			sandstorm=0.000
			min_snow_level=0.000
		}
		period={
			between={ 0.6 30.6 }
			temperature={ 16.0 32.0 }
			no_phenomenon=0.600
			rain_light=0.200
			rain_heavy=0.200
			snow=0.000
			blizzard=0.000
			arctic_water=0.000
			mud=1.000
			sandstorm=0.000
			min_snow_level=0.000
		}
		period={
			between={ 0.7 30.7 }
			temperature={ 15.0 31.0 }
			no_phenomenon=0.700
			rain_light=0.200
			rain_heavy=0.100
			snow=0.000
			blizzard=0.000
			arctic_water=0.000
			mud=1.000
			sandstorm=0.000
			min_snow_level=0.000
		}
		period={
			between={ 0.8 29.8 }
			temperature={ 10.0 27.0 }
			no_phenomenon=0.700
			rain_light=0.200
			rain_heavy=0.100
			snow=0.000
			blizzard=0.000
			arctic_water=0.000
			mud=1.000
			sandstorm=0.000
			min_snow_level=0.000
		}
		period={
			between={ 0.9 30.9 }
			temperature={ 3.0 21.0 }
			no_phenomenon=0.700
			rain_light=0.250
			rain_heavy=0.100
			snow=0.050
			blizzard=0.000
			arctic_water=0.000
			mud=1.000
			sandstorm=0.000
			min_snow_level=0.000
		}
		period={
			between={ 0.10 29.10 }
			temperature={ -5.0 14.0 }
			no_phenomenon=0.700
			rain_light=0.100
			rain_heavy=0.100
			snow=0.100
			blizzard=0.000
			arctic_water=0.000
			mud=1.000
			sandstorm=0.000
			min_snow_level=0.000
		}
		period={
			between={ 0.11 30.11 }
			temperature={ -12.0 8.0 }
			no_phenomenon=0.700
			rain_light=0.200
			rain_heavy=0.000
			snow=0.100
			blizzard=0.000
			arctic_water=0.000
			mud=1.000
			sandstorm=0.000
			min_snow_level=0.000
		}
	}
}
