3 4 6521 11444 3312 6282 
2 5 6282 349 3340 9388 321 
2 5 6282 6334 9334 9361 11372 
1 4 6332 6402 3380 362 
1 3 6332 11245 6375 
3 4 6521 9428 6441 514 
2 5 6521 375 11219 11276 321 
3 4 6521 3499 9456 3522 
1 4 3522 9375 526 6377 
1 4 6377 6263 6325 9347 
2 3 9347 6257 6389 
3 7 6521 11505 9496 3572 6595 552 9570 
2 3 6282 3207 9496 
1 4 9347 3368 3231 11366 
1 3 6377 3271 3326 
2 4 9347 6325 6349 3326 
1 2 3326 241 
1 7 6469 6622 11346 9281 11264 11360 241 
1 2 6469 587 
3 2 6469 495 
1 3 495 6535 11388 
1 4 11388 247 309 3326 
1 6 495 6535 9509 405 3395 6377 
1 4 6469 6570 529 11494 
2 4 11494 3423 9575 11531 
3 3 11494 6444 6488 
2 4 11531 11547 11560 6488 
3 4 9517 6568 589 6488 
2 5 11531 563 3558 3530 9517 
3 2 9517 11499 
2 2 11499 708 
1 3 708 3705 692 
1 3 692 11653 9515 
2 5 9517 3530 6542 6712 3692 
1 4 3692 3679 6934 9655 
1 4 9655 11638 6693 692 
1 3 11499 3690 9655 
3 5 495 3398 9547 3524 6488 
2 4 9515 3299 571 11544 
1 3 692 9652 707 
1 4 707 3688 6725 9515 
2 4 11499 9545 11529 11544 
2 6 11544 9572 11417 11445 3397 6488 
1 5 6488 3524 6549 9524 3561 
3 4 3561 425 6487 3522 
1 3 3561 6513 564 
1 4 564 11431 9443 495 
1 4 6377 11493 3355 564 
1 4 6488 3524 11533 564 
1 4 3561 425 6582 3535 
1 3 3535 11481 514 
1 4 3535 6582 6487 3522 
2 8 11544 9416 3474 482 6524 538 6501 3535 
1 4 11372 11343 9263 362 
1 14 6521 11505 9496 537 6236 9387 9252 11260 11288 334 389 3380 6402 6332 
1 6 6332 395 3384 11312 3272 6296 
1 3 3320 327 6296 
3 16 3151 149 11068 9164 6095 6035 6086 9111 187 2999 11315 3215 11250 3358 11282 6380 
2 4 6287 6393 3260 3325 
1 3 6364 6235 394 
1 4 241 11360 11318 9335 
1 2 9335 6336 
2 4 6583 11435 11470 11494 
2 3 587 3547 11494 
1 2 9559 6583 
2 4 6788 3772 11891 9909 
2 3 11531 11502 9559 
2 5 6788 771 9741 11730 6780 
2 5 6780 11730 9741 776 3780 
2 6 3780 607 6635 636 9618 9620 
1 3 663 9638 9620 
1 3 663 11640 3692 
1 7 663 11623 6680 6678 9633 11618 673 
1 4 9515 9681 3703 9665 
1 4 9665 11651 704 11666 
1 3 9648 6690 11666 
1 5 11666 6690 9679 6687 3673 
1 5 9648 9679 9650 3684 9665 
2 6 3673 3674 6673 3657 6656 11584 
1 3 6626 628 11584 
1 5 3673 3674 6673 11595 6626 
1 3 688 3684 9665 
1 4 673 11634 3675 688 
2 6 663 11601 3641 9600 9584 3780 
2 3 603 3604 11584 
2 4 603 3776 773 3780 
2 6 673 11618 9630 11598 9598 603 
2 4 603 3776 11734 6606 
1 4 6606 6793 9582 11584 
1 4 3780 6790 9752 6606 
2 2 6606 782 
1 4 782 9924 967 925 
2 2 6788 6973 
2 2 9904 11751 
1 4 11751 6862 6875 11833 
1 3 11833 6946 6973 
1 6 11751 6862 9750 9879 9907 1616 
1 3 6831 9838 925 
2 4 11837 9784 6843 883 
1 4 883 6939 3966 6831 
2 3 819 11803 883 
2 2 11846 9904 
1 4 11846 923 9826 819 
1 2 11998 11837 
1 2 4014 4159 
2 4 4159 1156 3857 10074 
1 5 11773 11874 11824 9772 6891 
2 6 383 3307 6412 9362 6345 9279 
2 4 11380 11082 161 6050 
2 10 9279 11376 9300 9410 9251 9329 9406 6397 9393 11380 
2 12 383 6331 3286 3375 3063 6188 9209 9109 11188 11082 161 6050 
1 6 9279 11376 6120 11160 11327 11215 
2 4 6296 6360 6229 9483 
2 4 9483 6342 6222 9340 
1 3 9483 3354 9262 
2 5 3320 9295 11342 11358 310 
1 4 310 7482 10323 9340 
2 5 514 573 469 9414 11542 
1 3 3583 9457 11467 
1 3 11666 6739 9692 
2 4 9692 541 3484 11539 
1 4 11539 9551 9567 3583 
1 4 11539 581 3550 3581 
1 6 9660 9690 6561 11679 541 9692 
1 6 9660 11663 9676 6720 3700 11666 
1 6 9660 6703 682 3670 9611 11581 
2 4 11581 3654 6650 9627 
1 3 6626 599 9627 
2 6 9648 9646 596 3654 6650 9627 
2 5 11581 3654 596 9646 9648 
1 5 619 3623 6670 11625 9660 
1 5 11581 624 9595 6647 619 
1 4 9606 11787 3617 619 
2 3 3601 3592 11581 
1 4 6626 11735 11564 3601 
1 5 3601 6611 984 3974 3924 
1 8 949 3971 3952 3819 6842 9769 649 9783 
2 4 949 3908 3937 6923 
2 2 3663 9617 
1 4 657 6677 11603 9617 
1 9 9548 6761 744 3741 6747 9701 11652 9651 3663 
1 8 3663 3636 3639 637 3645 11657 3649 9606 
1 3 6711 3709 3696 
1 3 746 713 3696 
1 5 3581 6586 11691 3548 746 
1 2 6314 3288 
1 3 9483 3354 6314 
1 4 6332 11265 348 3288 
2 7 9340 9240 9317 11291 3074 496 3152 
2 5 3152 11426 11127 11443 4640 
1 7 4640 126 3120 181 11080 6174 3151 
1 4 11105 6108 9194 3083 
1 4 3151 3060 9100 9206 
1 5 9206 6082 11056 9183 9073 
1 6 9073 67 9167 6144 9129 11105 
1 4 11370 277 6340 3320 
2 9 362 3380 3351 6347 6321 9290 6567 524 3544 
2 7 6558 17 11515 493 9508 9400 3544 
1 8 6558 388 11232 279 3324 389 3380 362 
1 2 11467 6464 
1 3 6464 13205 9427 
2 5 9427 11430 6416 467 3544 
1 3 6464 9567 3583 
2 8 9427 11413 3410 6499 6522 3434 9468 11479 
2 6 11479 9558 422 11441 6546 3392 
1 5 3544 524 402 9544 3392 
1 4 3501 13070 11333 6103 
1 4 9458 507 9239 6103 
1 7 540 3463 9484 6351 11471 9239 6103 
1 4 3369 11471 9239 6103 
1 5 6103 9239 6221 6270 9297 
1 3 3369 7239 9297 
3 4 6103 11374 221 271 
1 3 9297 11345 9315 
1 7 6103 11221 296 9322 364 11382 9315 
1 3 3369 6378 377 
1 6 377 3241 6301 3301 3205 6384 
1 4 9315 11382 9269 11297 
1 5 6384 6335 6399 11332 11218 
1 4 351 11299 11378 9392 
1 5 11218 9350 9237 6395 3273 
1 3 9392 9383 3273 
1 5 3273 9383 6300 3150 11136 
1 5 3273 9383 159 11306 9075 
1 4 3379 3242 3359 11293 
1 3 3379 3242 385 
2 7 7394 9284 6313 9310 303 3342 11293 
2 3 3392 11247 11301 
2 6 11301 11357 11386 266 395 6332 
1 4 11301 347 13206 3393 
1 3 3320 9274 3393 
1 4 11370 11216 9236 9304 
2 5 11301 347 318 3309 9304 
2 6 11399 3559 3521 12562 524 3544 
1 4 11399 6580 536 11479 
1 6 3458 3559 3521 12562 524 3544 
1 7 310 6459 3219 6326 6249 9323 11241 
2 4 11241 323 6293 11234 
1 8 11202 11097 3053 6139 181 11080 6174 3151 
1 10 11234 9331 320 9234 11109 117 6197 79 6174 3151 
1 6 11349 11326 366 3358 11282 6380 
1 5 11349 6264 3235 9287 11234 
2 4 11370 294 11322 3331 
1 4 3331 11220 11290 306 
1 3 11241 9241 3331 
1 2 3331 9289 
1 8 383 295 11070 69 147 3007 11184 6115 
1 7 9096 6151 9036 3094 9204 9103 6115 
1 9 6115 11078 9157 27 11037 3059 9170 6145 122 
1 4 11028 9157 11078 6115 
1 5 11028 9227 11206 9139 3022 
1 3 192 6055 101 
1 7 101 3095 11155 9226 9186 3104 9108 
1 11 9108 6083 6161 9220 11067 118 11185 6063 130 205 3108 
1 10 6050 9149 3182 11091 9117 49 9051 125 9035 3108 
1 4 9197 11068 149 3151 
1 7 9197 70 11059 11153 6057 90 11159 
1 10 11159 9118 3033 11092 155 11175 6021 94 9195 3189 
1 9 3189 86 3008 9162 3121 6181 9201 11117 3134 
1 8 11105 9129 11172 3025 6138 9038 6013 3122 
1 5 9073 11138 9056 9163 141 
1 10 11202 415 592 9485 6408 308 11291 9317 9240 9340 
2 10 306 3362 6387 9272 11254 335 401 3327 3391 6380 
2 4 11370 216 386 3350 
2 2 6373 3350 
1 3 6373 6344 9288 
2 3 9289 3378 6373 
2 7 6373 6319 9249 3507 9568 441 6593 
2 9 6593 3470 11543 6435 572 513 422 6580 11399 
2 7 11479 491 11427 438 462 6429 476 
2 4 476 11464 11514 6593 
1 5 11479 6483 11411 11550 9548 
2 6 476 9423 9576 754 741 11670 
2 5 476 9481 11490 504 525 
2 8 3686 705 3722 568 737 3573 588 11405 
1 2 11405 11437 
2 9 11437 6423 6451 3452 458 11438 9465 504 525 
2 6 11437 453 472 3449 3466 6474 
2 4 6474 6493 9430 9417 
2 6 9417 585 3587 3765 3752 3734 
1 4 3734 9696 3760 719 
1 3 3672 3682 3668 
2 6 7661 7495 4458 7624 4463 3668 
2 6 3653 772 654 9626 1530 1599 
1 9 1599 11708 1539 11674 11645 4477 4614 1536 7661 
2 13 3672 9647 685 11633 714 9691 9694 735 9709 6781 3587 585 9417 
2 2 413 3527 
2 10 9417 11434 11450 11459 3519 3540 6591 11412 11475 3527 
2 6 6474 3479 502 6530 3531 418 
2 7 3527 9552 9489 11439 3409 9556 418 
1 5 418 9449 3492 558 3580 
1 4 11504 3557 11397 418 
2 7 525 11557 9543 11530 9519 559 11504 
2 4 525 11557 6458 11489 
2 5 9288 546 9506 3480 11489 
2 7 11489 6508 9566 3225 288 3306 3335 
2 9 3335 6252 11284 11235 11300 3263 6348 6414 6380 
2 4 3580 9260 9328 9355 
2 5 9355 9411 11242 3292 6262 
2 6 6262 6396 6290 9348 6414 6380 
2 3 413 6341 6398 
2 4 6398 6230 6279 3356 
2 7 3356 9330 11268 9282 9348 6414 6380 
2 6 3578 3426 9460 433 11408 9422 
2 7 6398 6369 9339 9312 11436 471 9422 
2 6 121 252 6356 9278 9378 6380 
2 7 121 9122 11099 2 9168 2996 9131 
2 4 9197 70 11174 3140 
2 9 3140 172 9107 3163 11083 81 9207 11189 9131 
2 12 6380 301 11362 6316 378 280 3370 3268 6392 6295 6299 11375 
2 3 11344 3303 11375 
2 11 6380 301 3290 9235 11217 214 3339 6362 6410 9407 11344 
2 7 9422 313 3304 6353 6382 9409 9258 
2 6 9258 9286 6391 11262 11394 11344 
2 9 11344 11277 3352 6374 6253 9373 11356 11243 6338 
2 11 9258 9286 11269 3317 286 3276 6302 6226 6275 9243 11225 
2 8 11225 11348 393 3357 3330 6515 9420 12128 
2 8 11225 11377 11256 3265 4324 4283 1305 1278 
2 6 1278 12117 10142 10329 12157 9292 
2 5 9292 1233 12287 10133 1821 
2 7 12128 3563 4322 1254 4294 7370 10253 
2 7 7243 4300 4374 4227 1314 12294 10253 
2 7 6338 260 9336 3251 3300 6388 6278 
2 11 6278 7403 206 1380 10286 10314 361 3280 7320 10133 1821 
2 7 7375 11228 237 3280 7320 10133 1821 
2 10 7375 11352 7346 12203 9293 370 3027 3139 272 6124 
2 13 9131 2996 11143 143 3135 9200 11075 73 3066 3103 6089 9214 6124 
1 5 7477 7563 4599 12491 12333 
1 6 9878 3876 11860 940 9755 6807 
1 6 6807 9763 9830 961 6956 11746 
2 5 1821 9553 1543 10189 4824 
2 3 9292 1327 1292 
1 3 3325 3277 399 
1 3 3325 3277 6364 
1 3 11366 332 399 
2 8 1292 1775 1294 12521 4780 7800 1709 10696 
2 8 4824 7846 7774 3472 10600 12652 4700 10696 
2 6 10696 12679 1733 1860 7825 7274 
2 9 1459 10148 10366 12397 7597 12329 7657 7600 7243 
2 5 1459 11687 7682 7501 1554 
1 6 12333 8099 10414 1649 10470 1554 
2 8 7274 4866 7757 12631 7886 10712 10639 12691 
1 8 12691 12621 1876 1813 10549 10661 12540 4797 
2 10 4797 1762 4837 10528 4766 12507 7860 10683 7786 4677 
2 9 957 6989 11750 6684 664 6686 11643 10466 12189 
2 6 7642 4434 4621 1425 4406 7381 
1 5 7642 10135 12293 4390 4608 
2 5 12299 4424 7427 4412 10297 
2 18 10297 1376 12215 7342 1291 12144 7236 4371 1337 4312 12201 1281 1308 4388 12220 12122 1427 7408 
2 9 7408 10250 10221 12173 10411 7572 7353 7492 1488 
1 4 1330 12127 4336 1403 
2 4 1330 10154 10283 10344 
2 7 1330 12127 1417 12256 4626 4585 1492 
1 5 1492 7469 12464 1082 4425 
1 2 1185 4075 
1 8 4075 12075 10075 12319 1522 4501 7446 1319 
3 2 1182 9998 
2 3 9998 7157 7087 
2 3 7087 12097 10125 
2 2 7072 11960 
2 5 10125 7187 4172 4142 11960 
2 3 7072 12031 7212 
2 3 7212 11946 1092 
2 3 1092 10052 11985 
2 2 11960 1136 
1 2 7072 1136 
2 8 1136 9985 10055 1167 7145 1191 7050 11985 
2 2 1025 7110 
1 2 7110 9950 
2 6 4102 1183 12006 11925 4164 7110 
1 2 11985 1025 
2 5 11960 4142 4172 7102 10032 
2 7 1182 4188 4100 7016 4118 1024 7169 
2 4 7169 12056 3848 6994 
2 6 1117 11930 4067 1063 9865 6994 
2 2 12007 1117 
1 3 12007 10128 10032 
2 5 10125 7187 10015 11989 12007 
2 5 1182 1097 11908 11989 12007 
2 3 3962 7532 10444 
1 3 10444 10512 12421 
1 3 6994 9859 3962 
4 4 4056 4086 1081 11977 
2 4 11948 10110 4126 11977 
4 4 11977 7204 7221 7125 
2 5 7125 9981 848 10083 6928 
4 5 7125 12040 11915 10065 4052 
4 5 4052 9790 912 11835 6981 
4 6 6981 3970 3839 3895 9885 11771 
2 5 11771 987 9781 11764 964 
1 4 964 3783 6851 1150 
2 3 9843 11761 10068 
4 10 11771 6951 11815 9835 6837 11886 3900 1052 12043 10068 
1 6 10068 9969 11996 11980 7189 1069 
2 5 9843 4140 12026 7109 4190 
1 5 1069 12045 4071 7089 10000 
2 4 1519 4538 12062 4190 
1 3 9843 9776 952 
2 4 1069 4037 10043 7025 
1 9 11913 1146 10008 7094 11916 10040 9995 7085 7025 
1 3 7014 12052 10076 
1 4 10076 7120 996 11913 
1 4 7014 12076 4042 7191 
1 5 9974 7058 1096 11991 7191 
2 7 4190 1188 1169 4144 1139 9958 10364 
2 7 10364 12012 7568 7580 9934 7167 4619 
1 4 4619 4631 9999 7097 
1 3 3992 7653 1628 
1 3 10062 7108 1047 
1 6 10364 4066 7656 10098 4010 7025 
2 5 12068 1091 11959 7214 7186 
1 4 1047 12095 1120 9970 
1 3 9991 12010 11968 
1 5 11968 9993 12423 1497 12366 
1 7 4245 10077 4644 7662 7565 10389 12338 
1 8 4245 10077 1609 4616 10443 10389 10349 7455 
2 7 4245 10077 4644 7593 7537 4544 4516 
1 6 4245 4062 7220 1444 12035 12307 
1 5 4245 4062 4104 1101 10060 
1 5 10060 10116 12462 11978 10001 
1 5 10001 10255 4237 1228 7340 
1 5 7340 4280 12114 4472 8087 
1 6 10278 12180 10152 1430 4321 7340 
1 4 10278 7436 1268 10246 
1 3 10246 4416 7265 
1 4 10278 1344 12734 8011 
1 5 10246 4416 1409 7288 1321 
1 8 10278 1344 12734 10808 8067 7363 10274 7447 
1 4 7447 7391 10190 7244 
1 4 8011 8100 10208 4278 
1 4 8011 8100 4414 10756 
1 4 10756 10259 5104 8087 
1 6 10278 1344 7310 12779 10296 10756 
1 4 10756 10259 5104 1359 
1 3 8087 10324 1359 
1 5 1359 12142 4353 10270 1349 
1 8 4278 12105 7250 12295 10210 12182 12269 1349 
1 6 1349 7013 4187 7150 11952 9975 
1 5 4516 1569 2005 7938 5040 
1 3 5040 5055 12137 
1 4 5040 4045 2036 12137 
1 3 4516 10751 9973 
1 4 9973 4299 1377 12137 
3 4 12137 5086 10794 2086 
2 6 2086 2032 10729 12822 12005 10887 
1 7 2086 12868 2002 10772 10066 9084 10887 
1 3 10887 9084 8007 
1 3 3456 10108 4110 
1 3 4110 7084 10735 
1 4 10735 1971 10898 8007 
1 4 9975 1144 7207 4132 
1 9 4245 4062 7220 1059 1538 10428 9946 7574 10401 
1 5 10401 12420 4557 4883 10030 
1 6 1349 7013 4072 7060 7430 10030 
1 6 10030 4950 11995 4953 5096 5040 
1 3 7260 7344 10201 
1 4 7602 10385 10768 10837 
1 2 2089 8001 
1 4 8001 2004 7994 2097 
1 4 2097 3795 1600 10106 
2 4 11746 806 3889 12473 
1 5 12473 7140 1056 4550 4111 
1 2 4111 792 
1 3 4206 1201 1065 
1 4 1065 7170 1074 4111 
1 2 1086 4206 
1 4 11976 4591 4574 7151 
1 4 4111 1074 7170 7151 
1 3 1065 7170 7151 
1 6 4206 4088 4161 11979 1155 12049 
1 2 4073 12049 
1 2 4073 7011 
1 5 12758 5099 7970 12455 11976 
1 2 11829 9833 
2 11 6464 506 584 11428 493 11515 243 279 3324 389 362 
2 4 9508 548 3230 3295 
1 4 3295 3324 389 362 
1 4 1814 4804 12617 12604 
2 8 1814 4804 12617 7783 1713 7887 1565 4543 
1 4 1814 4804 7692 1801 
2 4 2197 5195 2203 2211 
2 5 7798 4776 12932 12924 12910 
2 8 7798 12576 7755 1667 10455 10682 12435 12406 
2 10 7564 7535 7522 4481 12308 7651 10487 10460 4560 7566 
1 4 1454 12104 1431 7669 
1 5 2196 8205 12911 10932 8144 
1 3 5160 10860 1939 
1 3 1939 5196 5210 
2 3 7011 10005 11964 
2 4 7011 10073 7164 4076 
2 2 7011 3996 
2 4 3996 4055 1068 10031 
2 4 10031 7144 11974 12044 
2 5 11999 1064 12071 1151 12044 
2 3 8105 10745 7989 
2 2 7989 2046 
1 3 2046 2003 12725 
2 3 2046 12881 12806 
2 5 11921 4129 7162 7180 11969 
2 2 9994 11969 
2 2 12051 7081 
2 6 7081 1160 4163 1046 7180 11969 
2 6 12051 7065 13077 4131 11939 1145 
2 5 1145 9964 12760 11923 7132 
1 6 7132 4150 7008 12018 7958 4933 
2 7 7132 4116 989 1111 4097 11987 7100 
1 4 7100 1194 10113 9945 
2 3 7100 10070 7069 
2 4 7069 10023 4139 4108 
1 4 2012 8015 12710 4948 
2 4 9570 6462 9511 11467 
2 4 3458 6416 11430 9427 
1 3 3458 467 3544 
2 4 321 11305 9320 9347 
1 5 3522 9238 9294 11305 321 
1 5 3522 9238 9294 9320 9347 
2 7 2086 2054 1908 4984 10847 1980 4110 
2 7 2086 2054 1908 4149 12886 1103 9975 
2 9 4245 4204 7593 12452 1637 10471 10332 7938 5040 
1 8 3022 6038 3111 11049 3162 11052 46 3108 
2 7 11542 9429 583 421 6562 3414 3583 
1 4 3583 3414 6562 3569 
1 5 3569 557 3718 6739 11666 
2 6 11542 9429 583 421 6562 3569 
2 3 7859 12435 12406 
1 9 12406 7520 10388 4478 4658 10500 12451 10430 7564 
2 4 8186 5225 10925 12910 
1 10 12406 1537 10427 12377 11019 2114 8249 5211 5225 8186 
1 13 8186 10927 8165 5197 12948 2191 10969 8200 10949 1526 10983 2157 1652 
1 9 6928 3981 3852 6922 959 6822 898 6944 9897 
1 9 10433 9782 10503 12482 11906 6811 810 3977 957 
1 7 957 3977 810 6811 9766 973 9897 
1 8 4572 7663 11864 9913 9928 11893 6964 9897 
2 5 11771 11808 916 4642 4572 
1 4 4572 4503 7652 10433 
2 3 10433 7582 4506 
2 9 4506 12485 4876 10638 13150 4745 7743 4719 4677 
2 7 11771 846 9831 930 4633 4561 4506 
2 7 4725 10655 7801 12678 12261 4805 12189 
1 9 4725 7763 12657 10678 7851 12543 10559 7725 4677 
1 5 4506 1588 12618 7832 4725 
2 8 3585 6418 9421 9541 543 6552 9527 11666 
3 4 11542 6440 3418 3585 
2 6 3585 6470 11404 3474 9416 11544 
2 3 9315 6318 6384 
2 5 9315 9379 9332 11270 351 
1 4 12051 9976 12034 9943 
1 7 11459 500 509 9516 533 9504 3529 
1 8 11408 9564 3539 11485 9436 3582 9504 3529 
1 4 11752 7674 1489 952 
1 4 979 6938 9844 11747 
1 5 9777 3903 3935 9915 11881 
1 4 3870 921 6977 9777 
1 5 3870 3807 11844 804 11747 
1 4 3889 9893 9912 7620 
1 3 11853 6991 10472 
1 3 1052 900 6969 
1 3 6969 3955 952 
1 3 7101 10517 7097 
1 4 3992 4083 7172 7199 
1 3 6747 723 3707 
1 3 560 11503 6435 
1 3 3707 11686 754 
1 6 754 3757 3575 6597 409 3452 
1 4 6344 9371 9396 11230 
1 6 3122 11065 3172 66 195 11121 
1 5 9206 11162 3050 6150 3187 
1 12 3187 3030 9061 3068 9169 193 6146 11079 9233 9106 6212 11121 
1 5 141 6078 9104 3125 6146 
1 4 9056 11033 3119 6138 
1 9 9108 6165 6125 9147 11125 11164 11081 158 11121 
1 8 3668 6701 700 6748 3726 6758 11706 9753 
1 9 9753 6620 11429 9455 6486 6516 520 11474 3529 
1 6 10364 1004 1603 5092 7406 7418 
1 10 10137 10309 4379 1302 7280 12297 4397 10016 11936 1185 
1 6 4401 12232 10232 12204 1285 10162 
1 6 10447 13334 4436 13318 13305 13296 
1 8 2210 13986 5202 14018 2225 14048 14078 12997 
1 34 12997 14104 14120 14140 14163 14181 14198 14214 2156 14239 14256 5120 8252 5051 12798 14356 14366 14372 14388 14403 10790 14429 10747 14439 7993 14454 14469 14482 14477 14483 14494 4942 14506 8113 
1 3 2210 13978 14016 
1 2 2182 14005 
1 2 2182 14016 
1 20 2182 14036 14052 5166 14062 14082 14092 14112 14130 14165 14186 14203 14224 14234 14248 14265 14286 14291 11020 5051 
1 4 12997 14078 14079 14092 
1 4 14163 14167 14177 14186 
1 12 14439 14445 14451 14465 14487 14495 12790 14526 1937 8056 2085 14533 
1 6 14482 1997 14504 14503 12772 1944 
1 6 14504 14517 14521 14531 4526 153 
1 4 8113 14518 14528 4526 
1 12 8113 14519 7968 14524 10912 14514 10767 1981 14490 14467 12716 4982 
1 13 10747 14423 14407 14393 14400 14405 14413 14420 14410 5317 14402 14394 14391 
1 9 14494 14481 5056 14470 14459 14446 14435 14428 14410 
1 13 12930 13889 13883 13869 13854 13865 13580 13577 5165 13575 13856 13876 8189 
1 23 13575 13579 13877 13905 13922 13948 13963 13983 10982 14034 14046 14063 14070 14098 12917 14113 14095 14085 14080 14077 14055 14047 2182 
1 9 13926 10938 13945 13958 13976 13992 14027 14022 14046 
1 7 14393 14377 2007 14359 14345 12770 14336 
1 9 14265 14274 14277 14306 8149 10888 14341 14348 14356 
1 48 10447 13342 13354 12396 13461 13465 13472 13479 13491 13496 8181 13524 13525 5167 10513 13553 13555 13559 13560 10980 8190 12996 2153 10999 13879 8196 13914 13943 13982 13993 14023 8197 10946 14083 14101 8143 10998 10939 5168 14205 2227 10933 2175 8179 5107 14294 14300 2228 
1 5 7476 8148 13846 8226 2153 
1 4 2167 13894 13891 12977 
1 2 7476 2167 
1 14 10513 13798 13802 12972 5186 13822 10994 13820 1583 13812 13829 13852 13859 8189 
1 21 4982 12828 10906 12885 14411 14381 4980 14331 2035 14307 14289 12999 14324 12853 14315 5220 14284 14279 12933 14296 2228 
1 15 2167 13915 12923 13954 2190 13996 14013 5174 14054 14084 14103 14123 5218 14161 8227 
1 7 8227 14183 10345 7561 14226 14238 2175 
1 4 10345 12961 1446 14205 
1 9 2228 14268 14260 14237 14230 5153 14217 14200 8227 
1 8 13914 12909 13962 13946 13938 13961 13971 2190 
1 7 10946 14066 14076 14097 10926 14115 14123 
1 6 13827 13834 13848 13873 10945 12977 
1 2 1583 13827 
1 2 10874 14307 
1 4 14331 14318 14317 10934 
1 7 14092 14102 8160 14121 14126 14155 14171 
1 9 8189 13900 13923 13953 13984 2111 14032 8175 14134 
1 3 10932 11017 10860 
1 3 2196 8183 5210 
1 8 5160 11145 10859 10877 12744 10851 10795 12806 
1 3 8105 10844 11999 
1 6 10106 10811 7530 10497 9858 11853 
1 7 11853 9886 9932 975 11894 11881 6995 
1 7 3889 6813 3890 6965 11797 9954 11853 
1 10 5074 1973 10840 1920 5006 10786 2090 4981 7934 12758 
1 3 12883 5037 2090 
1 11 12758 10835 2095 2027 12101 4115 4017 7176 1086 7107 1065 
1 3 1065 11919 792 
1 8 2097 12046 12839 12413 2013 3942 7671 12473 
1 2 8085 2089 
1 20 8085 1955 12702 10791 8051 4932 8108 2048 7960 10904 4993 10760 8020 1947 8002 2059 12894 4976 4924 10840 
1 7 12839 4951 1631 4440 1544 7001 7151 
1 3 12727 5024 10791 
1 4 2090 8004 12870 12727 
1 2 1616 6973 
1 3 6780 770 3772 
1 3 771 11726 3780 
1 4 3780 969 11568 603 
1 3 628 9613 6673 
1 2 7059 10074 
1 6 6609 778 9603 6666 9622 9620 
1 4 2012 10829 12751 4927 
1 5 4927 12794 7983 5013 10803 
1 3 10836 8071 7983 
1 11 1130 4136 10120 7079 9989 11967 10061 11910 1071 4145 4076 
1 3 9909 11721 770 
1 3 9907 910 11833 
1 2 910 9750 
1 2 6875 9750 
1 2 6862 3885 
1 2 776 6635 
1 3 6780 611 778 
1 4 10074 7147 12047 4014 
1 3 9826 3923 6831 
1 3 3968 6972 6843 
1 2 9752 3776 
1 2 3776 11568 
1 4 3968 851 955 819 
1 3 3968 9856 11837 
1 2 9750 3885 
1 4 9904 9794 6926 925 
1 2 3885 6926 
1 2 9879 3885 
1 2 6946 1616 
1 2 11751 9794 
1 5 9990 12066 12098 10027 3968 
1 2 4159 9990 
1 8 3663 660 3676 11639 676 3694 693 6711 
1 4 1550 15398 15403 15408 
1 17 7590 15397 15400 15403 15405 15407 15410 15413 15417 15421 15420 15424 15431 10498 15440 15441 7622 
1 7 10837 7969 4553 4901 4473 12434 1536 
1 3 1896 12793 4901 
1 3 10837 12818 8093 
1 5 8093 12748 5073 1957 5029 
1 7 8093 12704 10873 8009 1888 10806 4893 
1 4 4943 9816 8125 7969 
1 6 5098 12773 8040 1982 10922 10837 
1 2 2065 8040 
1 4 5005 7953 1922 2065 
1 3 2026 12756 2065 
1 4 8117 4966 4928 2026 
1 4 8117 12832 4959 7982 
1 4 7982 2039 2070 5075 
1 4 10737 12831 12717 12763 
1 6 4893 10476 10896 7984 7916 10737 
1 3 5075 8013 5105 
1 3 12058 1164 9940 
1 3 7096 3988 4109 
1 5 3988 1109 976 3864 3973 
1 2 4109 7127 
1 4 9805 9916 11895 976 
1 4 3914 11786 6930 3973 
1 2 9805 3914 
1 9 6930 3844 10163 11818 3936 6990 9791 11774 11905 
1 5 11905 3893 11842 922 9833 
1 2 3893 849 
1 4 849 3879 6895 9833 
1 7 11829 11811 3851 947 11867 11778 9799 
1 10 9799 9921 928 4112 7130 10038 9941 10122 12013 1005 
1 5 11811 904 3905 6908 11747 
1 3 3856 11831 3951 
1 6 3951 6808 3907 9901 6925 11747 
1 4 3882 907 935 949 
1 5 11818 3526 3833 3865 3882 
1 3 6923 9862 11905 
1 2 3952 3796 
1 2 9612 649 
1 4 9769 6967 9888 9902 
1 2 9888 11842 
1 2 11842 9902 
1 3 6967 6814 9862 
1 8 9809 6913 6940 6953 6998 9602 9756 11657 
1 3 3882 9874 6940 
1 4 949 965 9771 9756 
1 3 11586 11583 6998 
1 4 11586 11580 11577 619 
1 4 11577 11574 6799 11899 
1 3 6983 11572 11899 
1 4 6889 11845 953 11899 
1 3 9809 9821 6889 
1 4 3601 6614 6619 6983 
1 3 3924 6957 6983 
1 2 6889 9894 
1 4 9894 6942 9922 6983 
1 6 619 9608 9643 11610 6685 682 
1 4 9606 11608 9640 693 
1 6 9660 684 6700 6643 646 9606 
1 6 9660 716 6716 699 730 11659 
1 2 11659 3696 
1 2 3676 690 
1 5 716 3731 6751 6573 3581 
1 22 11921 10026 7005 12000 1105 10067 1189 1149 4194 7066 9980 1118 1041 4047 10046 10117 12088 4057 1198 1127 4120 11954 
1 4 10836 7950 12707 2056 
1 4 2056 1891 1932 2025 
1 3 2025 4938 4972 
1 5 4972 5028 4997 7963 2081 
1 3 1909 12802 2012 
1 6 2038 2094 7959 8006 10762 10803 
1 5 10862 12785 1951 10919 2050 
1 5 6039 9137 11194 1993 7963 
1 3 12830 8078 1993 
1 3 4512 11739 10497 
1 2 10106 3916 
1 3 3916 6826 4943 
1 5 3942 1634 10882 10804 10106 
1 2 2220 8144 
1 6 2220 9962 3854 12989 12929 5160 
1 3 5210 10976 12941 
1 2 2038 1909 
1 4 6583 11407 6537 11519 
1 5 6583 9418 9444 13081 9536 
1 2 13081 3516 
1 2 3516 9444 
1 2 3516 11519 
1 2 11519 11562 
1 3 11562 9574 6500 
1 2 11519 9574 
1 5 6500 11456 6241 6286 9335 
1 3 11562 9522 587 
1 3 11548 575 6446 
1 2 11483 6446 
1 3 6446 6560 6598 
1 2 516 6598 
1 2 516 3516 
1 2 516 6560 
1 3 11483 3576 516 
1 3 6598 3262 9498 
1 3 3211 391 3314 
1 2 9498 3211 
1 3 3211 68 3314 
1 2 391 6241 
1 2 9498 11456 
1 3 3262 6496 6500 
1 3 11519 13068 6598 
1 4 6469 3512 9363 6241 
1 3 6598 11419 9574 
1 3 9536 3576 6560 
1 3 12320 12450 1539 
1 5 3938 858 9881 6800 6832 
1 5 3938 9767 3858 6879 3945 
1 5 3938 6914 9757 942 832 
1 4 832 9903 1093 10024 
1 6 7183 7098 11749 3940 6884 6933 
1 4 6933 9869 11768 11805 
1 3 11805 924 3798 
1 3 3798 6924 9817 
1 3 9817 11673 6734 
1 8 3798 6996 3969 9839 9917 11820 896 3938 
1 2 13230 9839 
1 4 13230 9925 3930 6948 
1 4 7098 6954 931 9925 
1 9 7183 1178 6744 875 3871 950 12083 11807 9903 
1 2 7183 1048 
1 4 9979 10009 13231 7183 
1 5 9979 7068 1176 11956 12038 
1 4 12038 4065 10109 10024 
1 4 6744 10111 4095 11956 
1 4 875 879 3810 6832 
1 2 6948 6832 
1 4 6832 9778 9828 11807 
1 5 9778 3953 11863 13224 3938 
1 3 3953 11812 832 
1 4 885 11852 13233 740 
1 3 740 6756 743 
1 2 6756 3933 
1 5 740 13233 3735 932 3933 
1 4 3933 9857 6901 9840 
1 5 9764 9797 872 11819 915 
1 11 9764 6812 6966 3873 6817 9896 6906 6856 9889 4098 10024 
1 3 3816 11737 7213 
1 3 3816 9813 9840 
1 4 3816 3954 13223 6966 
1 4 7213 871 3799 6906 
1 3 3799 3891 3945 
1 3 3945 9812 7213 
1 6 885 13226 857 3887 6878 3816 
1 6 9767 6993 9785 11766 813 3816 
1 10 9839 9770 13221 6867 13232 9846 11825 6936 903 885 
1 5 6867 6907 920 3918 726 
1 11 726 6746 11684 9703 6749 11707 13218 9719 6764 3761 758 
1 7 758 6955 11692 11677 11840 3725 920 
1 5 11677 729 11843 13219 726 
1 3 6734 9689 11677 
1 2 9689 6955 
1 2 729 9719 
1 4 885 11854 9700 11684 
1 3 9703 11688 740 
1 5 3938 3794 3820 9827 11825 
1 4 11825 4024 3920 726 
1 5 11766 3859 11806 9870 885 
1 3 3820 13227 11806 
1 4 3820 9800 3874 6867 
1 5 6867 874 6941 724 9817 
1 3 3790 3866 6933 
1 3 6880 9765 6933 
1 5 6880 12070 9815 4080 1048 
1 2 6880 3790 
1 4 6933 980 970 11805 
1 5 9869 6986 3886 6902 13230 
1 5 13230 9877 3926 844 11768 
1 5 9770 938 845 889 9817 
1 3 6966 6836 11819 
1 2 9536 516 
1 5 915 9882 12169 3749 6766 
1 4 743 9710 6762 9737 
1 8 9764 854 6927 9824 9853 3946 6960 9898 
1 7 11506 11518 11549 13011 3546 5291 9559 
1 4 11516 521 1346 9503 
1 2 521 678 
1 6 11506 9561 454 3476 3536 575 
1 2 11506 9534 
1 2 9534 9523 
1 2 9523 11506 
1 3 9534 6585 11420 
1 10 3552 3758 6548 9510 9495 527 3495 9478 9492 3671 
1 5 11465 9867 11613 3659 629 
1 3 6657 11582 629 
1 3 629 625 620 
1 2 3659 3671 
1 4 9737 11565 595 11582 
1 3 9492 6533 512 
1 3 512 9725 9523 
1 9 6449 3579 11535 6599 9434 485 11420 9500 11548 
1 4 9523 3549 9578 6599 
1 4 9534 6569 11563 9434 
1 6 512 3493 6688 11611 9609 3594 
1 8 3594 11593 6613 6786 11716 9728 11711 9898 
1 7 6766 3948 752 11718 3771 6618 620 
1 5 9728 11713 958 11834 911 
1 3 11713 3762 9736 
1 8 13011 11732 3533 6531 9658 6698 11642 11516 
1 6 9725 3506 9490 3669 3652 9642 
1 3 911 3928 9909 
1 4 6613 3589 6784 6609 
1 2 678 9638 
1 3 527 539 11535 
1 5 6618 9593 590 9748 3594 
1 6 13470 13463 5213 13466 13475 2106 
1 4 2106 13501 12922 2209 
1 4 13388 13393 13396 2152 
1 4 13387 13394 13397 2152 
1 4 13407 13404 13402 2152 
1 7 11007 1585 13366 13356 4575 13333 13278 
1 3 10985 13303 12942 
1 5 12364 14416 13452 13449 10390 
1 7 12364 3498 13446 1555 13436 4573 7621 
1 9 3498 10402 13445 12394 13438 13429 12409 13421 1639 
1 12 1449 13308 13307 13304 12453 15922 13264 13265 13259 15912 15909 10362 
1 5 10964 13626 13630 13754 2136 
1 6 2136 13764 12978 13771 13772 8216 
1 4 8216 13781 13780 8195 
1 7 12942 13322 13331 13340 13458 8255 5143 
1 6 12306 13725 13718 13737 13711 10981 
1 5 10992 8215 13614 13616 5152 
1 3 10992 13618 10964 
1 2 650 8222 
1 2 650 8229 
1 5 8222 13747 13748 13749 8194 
1 8 8194 13755 5228 13773 11000 5171 13789 12994 
1 9 8229 13744 13742 12984 13740 5121 13739 13736 5169 
1 6 5169 13734 5118 13687 13681 2161 
1 4 5173 13644 13641 5201 
1 5 11009 13636 13638 13639 13644 
1 6 5173 13646 13651 13655 13660 10953 
1 5 2161 13675 13671 13672 10953 
1 10 5201 13640 13642 13645 13652 13661 10961 13670 13674 2161 
1 7 10953 8176 13677 13684 13695 13699 10981 
1 5 5152 13617 13293 13289 10985 
1 5 12942 13330 13631 13632 13754 
1 5 12978 13762 13763 13464 5143 
1 4 5143 13477 13776 8216 
1 9 13307 13315 13323 13338 8187 13365 13371 13378 12964 
1 5 12964 13382 8238 13376 11007 
1 5 13265 13269 13273 13275 13278 
1 7 10362 15903 15902 12336 10347 15918 13296 
1 7 13278 13329 4604 13336 13337 13345 10447 
1 5 12978 13768 13769 13770 5228 
1 6 8195 13786 13785 13790 5146 12994 
1 7 1639 13416 13417 13423 1624 13427 7621 
1 5 10390 13456 13457 13291 7500 
1 4 13346 13360 2172 13466 
1 4 13346 13332 13320 1449 
1 3 7500 13306 1449 
1 4 10985 13298 13302 7500 
1 6 12364 12155 10515 13292 13299 1449 
1 4 12994 13805 13815 8217 
1 2 5143 13470 
1 10 12998 13589 13592 13590 13597 13603 13608 13613 13612 10992 
1 5 1639 13420 13586 13593 12998 
1 3 10390 13442 13438 
1 7 12998 13594 13434 13439 13440 10418 10390 
1 3 13306 5163 13320 
1 7 12998 13599 7550 13607 13283 13287 10985 
1 4 13725 2149 13587 13589 
1 7 12306 13728 13729 13591 13598 11021 13603 
1 3 650 13615 10992 
1 5 13458 13351 13349 13352 13346 
