
state={
	id=101
	name="STATE_101"

	resources = {
		fish = 42
	}

	history={
		owner = USA
		buildings = {
			infrastructure = 1
			12512 = {
				naval_base = 1

			}

		}
		add_core_of = USA

	}

	provinces={
		10245 10636 12512 13058 13066 18091 18094 18098 18105 18106 18108 18114 18117 18120 18123 18124 18127 18128 18132 18135 18136 18137 18144 18146 18147 18148 18151 18154 18159 18160 18161 18166 18168 18170 18174 18176 18177 18178 18182 18183 18184 18187 18189 18190 18191 18194 18195 18197 18198 18200 18201 18202 18203 18206 18207 18208 18209 18213 18215 18217 18218 18222 18223 18225 18226 18227 18228 18229 18230 18231 18233 18236 18238 18241 18242 18243 18244 18245 18247 18248 18249 18250 18251 18253 18254 18255 18256 18257 18258 18259 18262 18263 18265 18267 18268 18269 18270 18271 18272 18273 18274 18275 18276 18278 18279 18281 18282 18284 18285 18286 18287 18288 18289 18291 18292 18293 18294 18295 18296 18298 18301 18302 18303 18305 18307 18308 18309 18310 18311 18313 18314 18315 18318 18319 18321 18322 18323 18324 18325 18327 18330 18331 
	}
	manpower=18000
	buildings_max_level_factor=1.000
	state_category=town
	local_supplies=0.000
}
