
state={
	id=276
	name="STATE_276"

	history={
		owner = USA
		buildings = {
			infrastructure = 4
			arms_factory = 2
			industrial_complex = 4
			air_base = 5

		}
		add_core_of = USA
		victory_points = {
			3778 20 
		}
		victory_points = {
			3775 10 
		}

	}

	provinces={
		605 722 749 774 779 3605 3608 3635 3640 3661 3763 3775 3778 4270 6607 6610 6625 6630 6662 6676 6797 9580 9583 9585 9634 9667 9711 9743 11567 11569 11585 11602 11695 11725 11728 13156 17740 17741 17742 17743 17744 17745 17746 17747 17748 17749 17750 17751 17752 17753 17754 17755 17756 17757 17758 17759 17760 17761 17762 17763 17764 17765 17766 17767 17768 17769 17770 17771 17772 17773 17774 17775 17776 17777 17778 17779 17780 17781 17782 17783 17784 17785 17786 
	}
	manpower=3117017
	buildings_max_level_factor=1.000
	state_category=megalopolis
	local_supplies=0.000
}
