
state={
	id=375
	name="STATE_375"
	resources={
		oil=320.000
		aluminium=50.000
		meat=44.000
		cotton=20.000
		grain=30.000
	}

	history={
		owner = USA
		buildings = {
			infrastructure = 3
			industrial_complex = 9
			air_base = 3
			10337 = {
				naval_base = 3

			}

		}
		add_core_of = USA
		victory_points = {
			10337 10 
		}
		victory_points = {
			3960 10 
		}

	}

	provinces={
		805 1500 1915 2082 3875 3960 4577 5001 5022 5085 6968 7628 7836 7981 9773 9829 9908 10337 10778 10861 12301 12341 12410 12486 12624 12848 12875 12893 15003 15015 15017 15022 15023 15030 15033 15036 15038 15039 15041 15045 15049 15054 15058 15059 15063 15067 15068 15069 15072 15075 15086 15089 15090 15093 15094 15097 15099 15102 15103 15105 15109 15110 15111 15113 15117 15118 15119 15120 15122 15123 15126 15128 15131 15132 15133 15135 15136 15142 15143 15148 15149 15151 15152 15153 15154 15157 15158 15159 15162 15163 15166 15172 15174 15176 15178 15181 15182 15185 15190 15191 15193 15196 15199 15200 15202 15204 15207 15209 15213 15214 15216 15218 15220 15226 15227 15228 15229 15231 15234 15239 15240 15241 15242 15246 
	}
	manpower=5824712
	buildings_max_level_factor=1.000
	state_category=megalopolis
	local_supplies=0.000
}
