
state={
	id=377
	name="STATE_377"
	resources={
		steel=20.000
		oil=5.000
		aluminium=8.000
	}

	history={
		owner = USA
		buildings = {
			infrastructure = 2
			industrial_complex = 1
			air_base = 2

		}
		add_core_of = USA
		victory_points = {
			853 3 
		}

	}

	provinces={
		850 853 1793 3834 4796 6897 7747 7821 7920 8115 10573 10783 11814 12765 15079 15080 15081 15091 15098 15100 15101 15104 15106 15107 15112 15115 15116 15121 15124 15125 15127 15129 15140 15141 15145 15146 15147 15150 15155 15156 15161 15164 15168 15169 15171 15177 15179 15180 15183 15184 15186 15187 15188 15189 15192 15194 15195 15197 15198 15201 15203 15205 15206 15208 15210 15211 15212 15215 15217 15219 15221 15222 15223 15224 15225 15230 15232 15233 15235 15236 15237 15238 15243 15244 15245 
	}
	manpower=435572
	buildings_max_level_factor=1.000
	state_category=large_city
	local_supplies=0.000
}
