
state={
	id=381
	name="STATE_381"

	resources={
		grain = 16
	}

	history={
		owner = USA
		buildings = {
			infrastructure = 2

		}
		add_core_of = USA

	}

	provinces={
		1815 4610 4723 4794 4820 7688 7814 7888 10640 10711 12561 12633 12651 17182 17183 17184 17185 17186 17187 17188 17189 17190 17191 17192 17193 17194 17195 17196 17197 17198 17199 17200 17201 17202 17210 17211 17212 17213 17216 17217 17218 17221 17223 17224 17225 17226 17229 17231 17233 17234 17236 17241 17242 17243 17245 17246 17247 17249 17252 17253 17255 17256 17258 17260 17261 17264 17265 17266 17270 17273 17274 17275 17277 17278 
	}
	manpower=225564
	buildings_max_level_factor=1.000
	state_category=town
	local_supplies=0.000
}
