
state={
	id=385
	name="STATE_385"

	history={
		owner = USA
		buildings = {
			infrastructure = 2
			industrial_complex = 1
			air_base = 6
			12211 = {
				naval_base = 3

			}

		}
		add_core_of = USA
		victory_points = {
			3513 1 
		}

	}

	provinces={
		505 528 1414 3471 4328 4347 4380 4826 7398 7865 10151 10183 10305 11495 12211 12281 12553 16519 16521 16525 16526 16527 16528 16529 16531 16532 16534 16546 16549 16551 16554 16555 16561 16566 16570 16579 16580 16583 16584 16585 16588 16589 16590 16593 16599 16605 16610 16613 16616 16617 16618 16619 16620 16621 16623 16628 16631 16632 16635 16636 16637 16638 16639 16640 16642 16643 16646 16650 16651 16659 16660 16661 16662 16669 16670 16671 16672 16675 16676 16677 16679 16680 16681 16685 16686 16688 16689 16691 16692 16695 16696 16699 16700 16701 16705 16706 16709 16713 16714 16715 16717 16718 16720 16721 16722 16724 16725 16726 16728 16730 16731 16732 16733 16734 16735 16736 16737 16738 16739 16740 16741 16744 16745 16746 16749 16767 
	}
	manpower=953785
	buildings_max_level_factor=1.000
	state_category=large_town
	local_supplies=0.000
}
