
state={
	id=386
	name="STATE_386"

	history={
		owner = USA
		buildings = {
			infrastructure = 3
			arms_factory = 1
			industrial_complex = 1
			dockyard = 1
			air_base = 5
			7315 = {
				naval_base = 3

			}

		}
		add_core_of = USA
		victory_points = {
			1690 1 
		}
		victory_points = {
			7315 10 
		}

	}

	provinces={
		1320 4296 4398 4747 7315 7386 7414 7442 10155 10157 10198 10242 10271 10687 10690 10693 12214 12673 16359 16361 16362 16364 16365 16366 16368 16369 16371 16372 16373 16374 16375 16376 16377 16379 16380 16381 16382 16385 16386 16388 16389 16390 16391 16392 16393 16395 16396 16397 16398 16399 16400 16402 16403 16404 16405 16406 16408 16409 16410 16411 16412 16413 16414 16415 16416 16420 16422 16423 16425 16426 16427 16428 16430 16433 16434 16435 16436 16437 16439 16440 16441 16442 16443 16445 16446 16447 16448 16449 16450 16452 16453 16454 16455 16456 16457 16458 16459 16461 16462 16463 16464 16465 16466 
	}
	manpower=1563395
	buildings_max_level_factor=1.000
	state_category=large_city
	local_supplies=0.000
}
