
state={
	id=388
	name="STATE_388"
	resources={
		tungsten=11.000
		wood = 40
	}

	history={
		owner = USA
		buildings = {
			infrastructure = 2

		}
		add_core_of = USA
		victory_points = {
			4860 1 
		}

	}

	provinces={
		1736 1767 1851 1854 1857 4741 4838 4857 4860 4863 6742 7760 7779 7880 7883 10587 10593 10624 10706 11712 12572 12585 12676 16991 16992 16993 16994 16995 16996 16997 16998 16999 17000 17001 17002 17003 17004 17005 17006 17007 17008 17009 17010 17011 17012 17013 17014 17015 17016 17017 17018 17019 17020 17021 17022 17023 17024 17025 17026 17027 17028 17029 17030 17031 17032 17033 17034 17035 17036 17037 17038 17039 17040 17041 17042 17043 17044 17045 17046 17047 17048 17049 17050 17051 17052 17053 17054 17055 17056 17057 17058 17059 17060 17061 17062 17063 17064 17065 17066 17067 17068 17069 17070 17071 17072 17073 17074 17075 17076 17077 17078 17079 17080 17081 17082 17083 17084 17085 17086 17087 17088 17089 17090 17091 17092 17093 17094 17095 17096 17097 17098 17099 17100 17101 17102 17103 17104 17105 17106 17107 17108 17109 17110 17111 17112 17113 17114 17115 17116 17117 17118 17119 17120 17121 17122 17123 17124 17125 17126 17127 
	}
	manpower=537605
	buildings_max_level_factor=1.000
	state_category=town
	local_supplies=0.000
}
