
state={
	id=394
	name="STATE_394"
	resources={
		steel=53.000
		coal = 130
		grain = 16
	}

	history={
		owner = USA
		buildings = {
			infrastructure = 3
			industrial_complex = 3

		}
		add_core_of = USA
		victory_points = {
			12357 5 
		}

	}

	provinces={
		703 926 1560 1719 1734 1760 1849 3699 4029 4166 4738 4834 6767 6827 7776 7829 7896 9657 9678 10341 10526 12357 12456 12550 16880 16881 16882 16883 16884 16885 16886 16887 16888 16889 16890 16891 16892 16893 16894 16895 16896 16897 16898 16899 16900 16901 16902 16903 16904 16905 16906 16907 16908 16909 16910 16911 16912 16913 16914 16915 16916 16917 16918 16919 16920 16921 16922 16923 16924 16925 16926 16927 16928 16929 16930 16931 16932 16933 16934 16935 16936 16937 16938 16939 16940 16941 16942 16943 16944 16945 16946 16947 16948 16949 16950 16951 16952 16953 16954 16955 16956 16957 16958 16959 16960 16961 16962 16963 16964 16965 16966 16967 
	}
	manpower=2939004
	buildings_max_level_factor=1.000
	state_category=city
	local_supplies=0.000
}
