
state={
	id=466
	name="STATE_466"
	resources={
		aluminium=4.000
		wood = 20
	}

	history={
		owner = USA
		buildings = {
			infrastructure = 1
			3691 = {
				naval_base = 1

			}

		}
		add_core_of = USA

	}

	provinces={
		490 1712 3208 3691 3911 6740 7364 7813 10176 11682 11902 12147 13162 13166 13181 13184 13186 13196 18009 18016 18017 18020 18025 18036 18041 18042 18047 18048 18049 18058 18059 18060 18061 18062 18063 18064 18065 18066 18067 18068 18069 18070 18071 18072 18073 18074 18075 18076 18077 18078 18079 18080 18081 18082 18083 18084 18085 18086 18087 18088 18089 18090 18092 18093 18095 18096 18097 18099 18100 18101 18102 18103 18104 18107 18109 18110 18111 18112 18113 18115 18116 18118 18119 18121 18122 18125 18126 18129 18130 18131 18133 18134 18138 18139 18140 18141 18142 18143 18145 18149 18150 18152 18153 18155 18156 18157 18158 18162 18163 18164 18165 18167 18169 18171 18172 18173 18175 18179 18180 18181 18185 18186 18188 18192 18193 18196 18199 18204 18205 18210 18211 18212 18214 18216 18219 18220 18221 18224 18232 18234 18235 18237 18240 18246 18252 18260 18261 18264 18266 18277 18280 18283 18290 18297 18299 18300 18304 18306 18312 18316 18317 18320 18326 18328 18329 18358 18365 18368 18379 18383 18388 18390 18395 18397 18398 18400 18404 
	}
	manpower=318860
	buildings_max_level_factor=1.000
	state_category=town
	local_supplies=0.000
}
