
state={
	id=469
	name="STATE_469"

	resources={
		wood = 20
	}

	history={
		owner = USA
		buildings = {
			infrastructure = 2
			industrial_complex = 1

		}
		add_core_of = USA

	}

	provinces={
		736 1788 3481 3769 4739 9669 10552 10611 11440 12593 12603 12663 18921 18922 18923 18924 18925 18926 18927 18928 18929 18930 18931 18932 18933 18934 18935 18936 18937 18938 18939 18940 18941 18942 18943 18944 18945 18946 18947 18948 18949 18950 18951 18952 18953 18954 18955 18956 18957 18958 18959 18960 18961 18962 18963 18964 18965 18966 18967 18968 18969 18970 18972 18973 18975 18976 18977 18980 18998 19011 19099
	}
	manpower=865605
	buildings_max_level_factor=1.000
	state_category=town
	local_supplies=0.000
}
