
state={
	id=470
	name="STATE_470"

	resources={
		wood = 20
	}

	history={
		owner = USA
		buildings = {
			infrastructure = 2
			industrial_complex = 1

		}
		victory_points = {
			3010 3 
		}
		add_core_of = USA

	}

	provinces={
		515 1262 1347 1763 1804 3010 3706 4765 6726 6754 7718 7766 7787 10684 12166 18459 18460 18461 18462 18463 18469 18477 18478 18479 18480 18482 18484 18485 18491 18492 18498 18499 18500 18503 18504 18505 18506 18507 18508 18513 18514 18516 18517 18520 18521 18523 18524 18525 18526 18527 18531 18532 18534 18535 18536 18538 18539 18540 18541 18543 18544 18545 18546 18547 18549 18550 18551 18552 18553 18554 18555 18556 18557 18558 18559 18560 18561 18562 18563 18564 18565 18566 18567 18568 18569 18570 18571 18572 18573 18574 18575 18576 18577 
	}
	manpower=690800
	buildings_max_level_factor=1.000
	state_category=town
	local_supplies=0.000
}
