
state={
	id=471
	name="STATE_471"

	resources={
		wood = 20
	}

	history={
		owner = USA
		buildings = {
			infrastructure = 1
			10548 = {
				naval_base = 1

			}

		}
		add_core_of = USA

	}

	provinces={
		917 1411 1799 1872 4678 5403 10548 12508 12571 18971 18974 18978 18979 18981 18982 18984 18985 18986 18987 18989 18990 18992 18994 18995 18997 18999 19001 19002 19003 19004 19005 19006 19007 19008 19009 19010 19013 19014 19015 19016 19017 19018 19019 19020 19021 19022 19023 19024 19025 19026 19027 19028 19030 19031 19032 19033 19034 19035 19036 19037 19038 19039 19040 19041 19042 19043 19044 19046 19047 19048 19049 19050 19051 19052 19053 19054 19055 19056 19057 19058 19059 19060 19061 19062 19063 19064 19065 19066 19067 19068 19069 19070 19071 19072 19073 19074 19075 19076 19077 19078 19079 19080 19081 19082 19083 19084 19085 19086 19087 19088 19089 19090 19091 19092 19093 19094 19095 19096 19097 19098 
	}
	manpower=27681
	buildings_max_level_factor=1.000
	state_category=pastoral
	local_supplies=0.000
}
