
state={
	id=472
	name="STATE_472"

	history={
		owner = USA
		buildings = {
			infrastructure = 1

		}
		add_core_of = USA

	}

	provinces={
		2407 2976 4272 7348 7696 7830 7858 7901 8653 10527 10703 12534 13075 13167 13189 13192 18578 18579 18580 18581 18582 18583 19194 19196 19201 19206 19207 19210 19212 19213 19218 19220 19221 19224 19227 19228 19229 19230 19231 19235 19239 19241 19242 19243 19246 19247 19248 19250 19252 19254 19255 19256 19257 19258 19260 19263 19264 19265 19266 19267 19268 19269 19270 19271 19272 19273 19274 19275 19276 19277 19278 19279 19280 19281 19282 19283 19284 19285 19286 19287 19288 19289 19290 19291 19292 19293 19294 19295 19296 19297 19298 19299 19300 19301 19302 19303 19304 19305 19306 19307 19308 19309 19310 19311 19312 19313 19314 19315 19316 19317 19318 19319 19320 19321 19322 19323 19324 19325 19326 19327 19328 19329 19330 19331 19332 19333 19334 19335 19336 19337 19338
	}
	manpower=27681
	buildings_max_level_factor=1.000
	state_category=pastoral
	local_supplies=0.000
}
