
state={
	id=473
	name="STATE_473"
	resources={
		oil=1.000
		wood = 20
	}

	history={
		owner = USA
		buildings = {
			infrastructure = 3
			arms_factory = 1
			industrial_complex = 1
			dockyard = 1
			air_base = 3
			1408 = {
				naval_base = 5

			}

		}
		add_core_of = USA
		victory_points = {
			1408 15 
		}

	}

	provinces={
		1323 1393 1408 1737 1858 4343 4385 4413 4428 4870 4877 7677 7753 7761 7820 7853 10228 10258 10273 10644 12231 12578 18823 18824 18825 18826 18827 18828 18829 18830 18831 18832 18833 18834 18835 18836 18839 18840 18841 18842 18843 18844 18845 18846 18848 18849 18850 18851 18852 18853 18854 18856 18857 18859 18860 18861 18862 18863 18864 18865 18866 18868 18869 18870 18871 18872 18873 18874 18875 18876 18877 18878 18879 18880 18881 18882 18883 18884 18885 18886 18887 18888 18889 18890 18891 18892 18893 18894 18895 18896 18897 18898 18899 18900 18901 18902 18903 18904 18905 18906 18907 18908 18909 18910 18911 18912 18913 18914 18915 18916 18917 18918 18919 18920 
	}
	manpower=638165
	buildings_max_level_factor=1.000
	state_category=city
	local_supplies=0.000
}
