
state={
	id=486
	name="STATE_486"

	resources={
		wood = 62
	}

	history={
		owner = COL
		buildings = {
			infrastructure = 1

		}
		add_core_of = COL

	}

	provinces={
		14310 14326 14302 1887 2007 5026 10792 12729 12770 12825 14282 14304 14313 14316 14319 14320 14328 14329 14333 14334 14336 14337 14340 14342 14345 14346 14347 14349 14351 14352 14353 14355 14357 14359 14362 14363 14364 14365 14368 14370 14371 14374 14376 14377 14383 14385 14386 14392 14393 14395 14400 14401 14405 14407 14408 14412 14413 14420 14426 14427 14430 14432 14438 14443 14448 14288 
	}
	manpower=213160
	buildings_max_level_factor=1.000
	state_category=large_town
}
