
state={
	id=682
	name="STATE_682"
	resources={
		steel=80.000
		aluminium=9.000
		coal = 34
		wood = 20
	}

	history={
		owner = USA
		buildings = {
			infrastructure = 2
			industrial_complex = 1

		}
		add_core_of = USA

	}

	provinces={
		602 777 1299 1769 1782 4775 4784 4869 4875 6510 7366 7794 7899 9467 9480 9740 10621 10718 11571 12278 12582 12701 13094 13159 13161 17787 17788 17789 17790 17791 17792 17793 17794 17795 17796 17797 17798 17799 17800 17801 17802 17803 17804 17805 17806 17807 17808 17809 17810 17811 17812 17813 17814 17815 17816 17817 17818 17819 17820 17821 17822 17823 17824 17825 17826 17827 17828 17829 17830 17831 17832 17833 17834 17835 17836 17837 17838 17839 17840 17841 17842 17843 17844 17845 17846 17847 17848 17849 17850 17851 17852 17853 17854 17855 17856 17857 17858 17859 17860 17861 17862 17863 17864 17865 17866 17867 17868 17869 17870 17871 17872 17873 17874 17875 17876 17877 17878 17879 17880 17881 17883 17884 17885 17886 17887 17888 17889 17890 17891 17892 17894 17895 17896 17897 17902 17904 17907 17909 17918 17919 
	}
	manpower=149059
	buildings_max_level_factor=1.000
	state_category=town
	local_supplies=0.000
}
