
state={
	id=860
	name="STATE_860"

	resources={
		coal = 48
	}

	history={
		owner = USA
		add_core_of = USA

	}

	provinces={
		7683 7807 7810 10534 10715 18000 18001 18002 18003 18004 18005 18006 18007 18008 18010 18011 18012 18013 18014 18015 18018 18019 18021 18022 18023 18024 18026 18027 18028 18029 18030 18031 18032 18033 18034 18035 18037 18038 18039 18040 18043 18044 18045 18046 18050 18051 18052 18053 18054 18055 18056 18057 
	}
	manpower=110000
	buildings_max_level_factor=1.000
	state_category=rural
	local_supplies=0.000
}
