
state={
	id=864
	name="STATE_864"

	history={
		owner = USA
		add_core_of = USA

	}

	provinces={
		3606 7869 7891 19100 19101 19102 19103 19104 19105 19106 19107 19108 19109 19110 19111 19112 19113 19114 19119 19120 19121 19122 19123 19124 19126 19127 19129 19130 19131 19134 19136 19137 19138 19139 19140 19145 19146 19148 19149 19151 19152 19154 19156 19158 19159 19161 19163 19164 19165 19169 19171 19172 19173 
	}
	manpower=10
	buildings_max_level_factor=1.000
	state_category=wasteland
	local_supplies=0.000
}
