
state={
	id=866
	name="STATE_866"

	resources={
		wood = 40
	}

	history={
		owner = USA
		add_core_of = USA

	}

	provinces={
		761 763 3736 4753 17898 17899 17900 17901 17903 17905 17906 17908 17912 17913 17915 17916 17917 17921 17922 17923 17925 17928 17929 17930 17931 17932 17934 17935 17937 17938 17939 17940 17942 17944 17945 17947 17949 17950 17951 17952 17953 17954 17958 17959 17961 17962 17963 17964 17965 17966 17967 17970 17971 17972 17976 17977 17978 17979 17981 17982 17983 17986 17987 17989 17990 17991 17994 17997 17998 17999 
	}
	manpower=10000
	buildings_max_level_factor=1.000
	state_category=pastoral
	local_supplies=0.000
}
