
state={
	id=867
	name="STATE_867"

	history={
		owner = USA
		add_core_of = USA

	}

	provinces={
		5239 6728 7185 7782 9615 10585 10605 13182 19175 19176 19177 19178 19179 19180 19181 19182 19183 19184 19185 19186 19187 19188 19189 19190 19191 19192 19193 19195 19197 19198 19199 19200 19202 19203 19204 19205 19208 19209 19211 19214 19215 19216 19217 19219 19222 19223 19225 19226 19232 19233 19234 19236 19237 19238 19240 19244 19245 19249 19251 19253 19259 19261 19262 
	}
	manpower=10000
	buildings_max_level_factor=1.000
	state_category=pastoral
	local_supplies=0.000
}
